0.999999 0.00140639 -0.000388665 0.0280319 -0.00140613 0.999999 0.000655514 -0.00308868 0.000389586 -0.000654967 1 0.0183666
0.999999 0.000278243 -0.00102906 0.0430101 -0.000278243 1 8.52218e-07 -0.00656106 0.00102906 -5.65889e-07 0.999999 0.019869
0.999905 2.03655e-05 -0.0137801 0.356529 8.08223e-05 0.999973 0.00734246 -0.016995 0.0137798 -0.00734288 0.999878 0.116145
0.999935 0.010553 -0.00424756 0.851949 -0.0105654 0.99994 -0.00291792 -0.0334126 0.00421651 0.0029626 0.999987 0.259465
0.999981 0.00607126 0.000968072 1.3983 -0.00605284 0.999819 -0.0180143 -0.0633865 -0.00107727 0.0180081 0.999837 0.416529
0.999977 0.00676803 -0.000137096 1.94389 -0.00676925 0.999608 -0.0271843 -0.0840232 -4.6942e-05 0.0271846 0.99963 0.579006
0.999916 0.0121912 0.00431168 2.4221 -0.0121148 0.999776 -0.0173309 -0.0951594 -0.004522 0.0172772 0.999841 0.723319
0.999865 0.01271 -0.0104443 2.90429 -0.0129772 0.99958 -0.0259269 -0.127947 0.0101104 0.0260589 0.999609 0.865773
0.99971 0.0126121 -0.0204954 3.44371 -0.0126955 0.999912 -0.00394318 -0.136209 0.0204438 0.00420224 0.999782 1.03857
0.999823 0.0163954 -0.00926601 3.93184 -0.0164678 0.999834 -0.00779422 -0.150415 0.00913668 0.00794543 0.999927 1.18673
0.999846 0.0156535 -0.00793594 4.45372 -0.0156909 0.999866 -0.00467114 -0.162723 0.00786176 0.00479494 0.999958 1.33887
0.999871 0.0142984 -0.00725449 4.99259 -0.0143575 0.999864 -0.00815601 -0.185541 0.00713688 0.00825912 0.99994 1.49405
0.999766 0.0213085 -0.00372088 5.53251 -0.0213429 0.999728 -0.00945309 -0.216016 0.00351844 0.00953029 0.999948 1.66209
0.999834 0.0181465 -0.00182149 6.02241 -0.0181648 0.999779 -0.0106236 -0.238249 0.0016283 0.0106549 0.999942 1.80623
0.999728 0.0136395 -0.0188936 6.53869 -0.0137369 0.999893 -0.00503872 -0.262891 0.0188228 0.00529689 0.999809 1.95037
0.999892 0.0115735 -0.00906186 7.0741 -0.0116071 0.999926 -0.00366205 -0.271527 0.00901881 0.00376684 0.999952 2.1199
0.999913 0.0122357 -0.00483115 7.58696 -0.0122357 0.999925 1.51703e-05 -0.286374 0.00483097 4.39436e-05 0.999988 2.27316
0.999776 0.0112024 -0.017969 8.07664 -0.0113094 0.999919 -0.00586082 -0.304043 0.0179018 0.00606273 0.999821 2.41893
0.999866 0.0101884 -0.012836 8.57878 -0.0102259 0.999944 -0.00286085 -0.322548 0.0128061 0.00299173 0.999914 2.57223
0.99992 0.00668797 -0.0107554 9.10788 -0.00664781 0.999971 0.00376503 -0.33255 0.0107803 -0.00369323 0.999935 2.73736
0.999914 0.00539898 -0.0119599 9.64777 -0.00536108 0.999981 0.00319905 -0.349929 0.011977 -0.00313466 0.999923 2.89362
0.999957 0.00658421 -0.00660076 10.2003 -0.00657705 0.999978 0.00110596 -0.355788 0.0066079 -0.0010625 0.999978 3.06088
0.999778 0.00651773 -0.0200478 10.7184 -0.00641995 0.999967 0.00493814 -0.366633 0.0200793 -0.00480834 0.999787 3.2198
0.999868 0.00711429 -0.0145978 11.2061 -0.00714405 0.999973 -0.00198743 -0.388189 0.0145833 0.00209146 0.999891 3.3639
0.999926 0.00570301 -0.0107822 11.704 -0.00574199 0.999977 -0.00358739 -0.398508 0.0107615 0.00364903 0.999935 3.51113
0.999861 0.00854376 -0.0142996 12.1867 -0.00859091 0.999958 -0.00323906 -0.415269 0.0142713 0.00336146 0.999893 3.66686
0.999709 0.00863503 -0.0225281 12.7344 -0.00873151 0.999953 -0.00418791 -0.427995 0.0224908 0.0043834 0.999737 3.82807
0.999887 -0.000683511 -0.0149885 13.2143 0.000719667 0.999997 0.00240697 -0.433468 0.0149868 -0.00241748 0.999885 3.9764
0.999883 0.0117184 -0.00985153 13.7711 -0.0117157 0.999931 0.000338583 -0.453998 0.00985482 -0.000223126 0.999951 4.13641
0.999917 0.00731024 -0.0106442 14.3228 -0.00734536 0.999968 -0.00326441 -0.467341 0.01062 0.00334233 0.999938 4.30007
0.999918 0.00432716 -0.0120939 14.8626 -0.00445771 0.999932 -0.0107887 -0.485159 0.0120464 0.0108417 0.999869 4.46009
0.999949 0.0100976 3.167e-05 15.408 -0.0100973 0.999936 -0.00515091 -0.502192 -8.36797e-05 0.00515033 0.999987 4.61763
0.999853 0.00933523 -0.014361 15.9163 -0.00947806 0.999906 -0.00991026 -0.51465 0.0142671 0.0100449 0.999848 4.77127
0.999897 0.00506648 -0.0134068 16.4365 -0.00515636 0.999964 -0.00667738 -0.529946 0.0133725 0.00674582 0.999888 4.93435
0.999768 0.0108513 -0.0186168 16.9832 -0.0109848 0.999915 -0.00708374 -0.541055 0.0185383 0.0072866 0.999802 5.0983
0.999953 0.00891605 -0.00377757 17.501 -0.00891534 0.99996 0.000205031 -0.553656 0.00377924 -0.000171343 0.999993 5.25528
0.99994 0.0104643 -0.00329813 18.0323 -0.0104803 0.999933 -0.00484797 -0.566673 0.00324718 0.00488225 0.999983 5.4144
0.999881 0.0133479 -0.0076856 18.5321 -0.0133342 0.999909 0.00183582 -0.578569 0.00770941 -0.00173312 0.999969 5.56018
0.999761 0.00830555 -0.0202441 19.0472 -0.00829264 0.999965 0.000721577 -0.595305 0.0202494 -0.000553528 0.999795 5.71679
0.999876 0.00835587 -0.0133194 19.5271 -0.00841385 0.999955 -0.00430339 -0.609674 0.0132829 0.00441493 0.999902 5.86055
0.999789 0.0108248 -0.0174458 20.0202 -0.0109297 0.999923 -0.00593057 -0.621721 0.0173803 0.00612 0.99983 6.00859
0.999739 0.00689203 -0.0217625 20.517 -0.00704232 0.999952 -0.00683676 -0.639103 0.0217144 0.00698824 0.99974 6.16493
0.999738 0.00809033 -0.0214146 21.0133 -0.00818802 0.999956 -0.00447826 -0.65788 0.0213775 0.00465243 0.999761 6.31905
0.999737 0.0090196 -0.0211005 21.4992 -0.00918377 0.999928 -0.00769671 -0.668034 0.0210296 0.00788847 0.999748 6.46858
0.999967 0.00806593 -0.000906978 22.0007 -0.00807584 0.999901 -0.0115069 -0.686669 0.000814075 0.0115138 0.999933 6.62186
0.999907 0.00280013 -0.013314 22.5108 -0.00289244 0.999972 -0.00691927 -0.702071 0.0132942 0.00695714 0.999887 6.77221
0.99996 0.00146594 -0.00880773 23.0291 -0.00152153 0.999979 -0.0063082 -0.713398 0.0087983 0.00632135 0.999941 6.93177
0.999968 0.00587923 -0.00547811 23.5314 -0.00589123 0.99998 -0.00217613 -0.726936 0.0054652 0.00220833 0.999983 7.07907
0.999887 0.000913973 -0.0149992 24.0311 -0.000943327 0.999998 -0.00195011 -0.740958 0.0149974 0.00196404 0.999886 7.23209
0.999932 0.00164617 -0.011577 24.5806 -0.00162008 0.999996 0.00226277 -0.746777 0.0115807 -0.00224386 0.99993 7.39769
0.999976 0.000571096 -0.00696166 25.0849 -0.000509955 0.999961 0.0087812 -0.754107 0.0069664 -0.00877744 0.999937 7.54693
0.99994 0.00183698 -0.0108303 25.5715 -0.00181687 0.999997 0.00186649 -0.768227 0.0108337 -0.0018467 0.99994 7.69071
0.999741 0.00326466 -0.0225029 26.1083 -0.00322552 0.999993 0.00177534 -0.775932 0.0225085 -0.0017023 0.999745 7.86268
0.99993 0.0103778 -0.00565571 26.5968 -0.0103697 0.999945 0.00145622 -0.790542 0.00567052 -0.00139747 0.999983 7.9932
0.999983 0.00534376 0.00217527 27.1313 -0.00534511 0.999986 0.000615422 -0.80857 -0.00217195 -0.000627039 0.999997 8.1519
0.999942 0.00939862 -0.00520638 27.6416 -0.00949301 0.999785 -0.0184112 -0.824853 0.00503222 0.0184595 0.999817 8.29934
0.999878 0.0137525 -0.00742688 28.1679 -0.0138336 0.999844 -0.0109793 -0.841847 0.00727473 0.0110807 0.999912 8.45491
0.999704 0.0132308 -0.0204267 28.6803 -0.0135673 0.999773 -0.0164251 -0.853726 0.0202048 0.0166973 0.999656 8.61659
0.999941 0.00983241 -0.00453315 29.2038 -0.00992371 0.999739 -0.0205778 -0.872643 0.00432964 0.0206215 0.999778 8.77532
0.999724 0.0173195 -0.0158973 29.7232 -0.0174751 0.9998 -0.00970145 -0.889794 0.0157261 0.00997658 0.999827 8.92107
0.999858 0.0110611 -0.0126751 30.2189 -0.0110823 0.999937 -0.00160573 -0.899524 0.0126565 0.00174598 0.999918 9.0827
0.999708 0.00349545 -0.0239229 30.7187 -0.00348422 0.999994 0.000510858 -0.909672 0.0239246 -0.000427356 0.999714 9.23134
0.999805 0.0184242 -0.00714186 31.2454 -0.0185377 0.999697 -0.0161638 -0.936162 0.00684189 0.016293 0.999844 9.38471
0.999837 0.0142236 -0.0111101 31.7776 -0.0139925 0.99969 0.0206114 -0.934684 0.0113998 -0.0204526 0.999726 9.53828
0.998623 0.0177009 -0.0493818 32.2644 -0.0172693 0.999809 0.00915298 -0.952596 0.0495344 -0.00828759 0.998738 9.69888
0.999825 0.017216 -0.0073173 32.7692 -0.0172886 0.999801 -0.00998409 -0.978034 0.00714395 0.0101088 0.999923 9.84627
0.999829 0.01611 -0.00904272 33.2476 -0.0161621 0.999853 -0.00571375 -0.99287 0.00894934 0.00585892 0.999943 9.99149
0.987338 0.157236 -0.0209795 33.3033 -0.158087 0.986243 -0.0482944 -1.02174 0.0130973 0.0509995 0.998613 10.0106
0.947267 0.319112 -0.0291884 33.2929 -0.320436 0.942639 -0.0935568 -1.0574 -0.00234101 0.0979763 0.995186 10.0042
0.882085 0.468433 -0.049964 33.28 -0.470672 0.871869 -0.135325 -1.08623 -0.0198285 0.142885 0.989541 9.99705
0.795994 0.60036 -0.077218 33.2584 -0.604025 0.779528 -0.165801 -1.10194 -0.0393468 0.178618 0.983131 9.99515
0.687018 0.719793 -0.0995201 33.2382 -0.722406 0.661813 -0.200335 -1.11871 -0.0783363 0.209528 0.97466 9.98586
0.560396 0.816843 -0.136833 33.2009 -0.820423 0.524865 -0.226768 -1.13497 -0.113415 0.239341 0.964289 9.97862
0.434417 0.883742 -0.174018 33.176 -0.888808 0.389292 -0.241811 -1.14377 -0.145955 0.259715 0.954592 9.97191
0.329845 0.921655 -0.204339 33.1642 -0.926635 0.274723 -0.256661 -1.1514 -0.180416 0.274006 0.944654 9.96008
0.209493 0.947007 -0.243497 33.135 -0.952969 0.141964 -0.26776 -1.14716 -0.219003 0.288139 0.932209 9.95358
0.234319 0.943256 -0.235294 33.2139 -0.948888 0.169269 -0.266384 -1.64136 -0.21144 0.285687 0.934707 9.97901
0.233091 0.941934 -0.241721 33.2979 -0.949263 0.166428 -0.266836 -2.20145 -0.211113 0.291654 0.932936 10.0079
0.12774 0.952924 -0.274988 33.2839 -0.961181 0.0505731 -0.271245 -2.31388 -0.244569 0.298962 0.922393 10.0032
-0.0685404 0.942072 -0.328334 33.2559 -0.950953 -0.161201 -0.264013 -2.30935 -0.301647 0.294135 0.906915 10.0012
-0.194864 0.910941 -0.363613 33.2378 -0.918723 -0.299342 -0.257571 -2.29873 -0.343476 0.283868 0.895233 9.99563
-0.314171 0.860485 -0.401077 33.2168 -0.868877 -0.430853 -0.243758 -2.28604 -0.382555 0.271905 0.883017 9.98731
-0.425392 0.794044 -0.434207 33.1885 -0.801657 -0.553262 -0.226379 -2.2666 -0.419985 0.251785 0.871904 9.97668
-0.534911 0.706356 -0.463607 33.1696 -0.716485 -0.670031 -0.194185 -2.24924 -0.447795 0.228295 0.864501 9.97144
-0.625179 0.609616 -0.487359 33.1588 -0.619933 -0.767229 -0.164449 -2.22577 -0.474167 0.199319 0.857576 9.96805
-0.702298 0.503169 -0.503585 33.1489 -0.511451 -0.848687 -0.134718 -2.20685 -0.495172 0.162947 0.853378 9.97146
-0.759323 0.389075 -0.521583 33.1363 -0.395955 -0.912347 -0.104133 -2.18678 -0.51638 0.127453 0.846822 9.96439
-0.802713 0.263255 -0.535116 33.132 -0.268945 -0.960668 -0.0691719 -2.16353 -0.532279 0.0883915 0.841942 9.96222
-0.829983 0.140091 -0.53991 33.1234 -0.145688 -0.988793 -0.0326024 -2.1346 -0.538426 0.0515987 0.841091 9.96229
-0.838123 0.00154265 -0.545479 33.1181 -0.00643501 -0.999954 0.0070594 -2.11074 -0.545443 0.0094268 0.838095 9.9582
-0.829119 -0.137091 -0.542003 33.1203 0.131089 -0.990114 0.049903 -2.08791 -0.543486 -0.0296748 0.838894 9.95952
-0.832743 -0.111967 -0.54222 32.6648 0.10593 -0.993467 0.0424594 -2.02462 -0.543431 -0.0220798 0.839163 9.81955
-0.840926 -0.114712 -0.528852 32.1285 0.108823 -0.993157 0.042385 -1.95571 -0.530095 -0.0219086 0.847655 9.66029
-0.834392 -0.11861 -0.538258 31.6009 0.111237 -0.992714 0.046317 -1.86604 -0.539829 -0.0212278 0.841507 9.49688
-0.837575 -0.114267 -0.534239 31.1023 0.106218 -0.993282 0.0459241 -1.79932 -0.535898 -0.0182808 0.844085 9.34578
-0.838869 -0.115734 -0.531888 30.5799 0.106857 -0.993136 0.0475666 -1.7211 -0.533742 -0.016934 0.845478 9.18811
-0.835191 -0.120112 -0.536683 30.0975 0.110149 -0.992619 0.0507386 -1.64389 -0.538816 -0.0167385 0.842257 9.04654
-0.832095 -0.11532 -0.542512 29.5932 0.105006 -0.99321 0.0500685 -1.57396 -0.544603 -0.0153052 0.838554 8.88676
-0.841861 -0.119117 -0.526386 29.0928 0.109586 -0.99275 0.0493879 -1.50222 -0.528452 -0.0161066 0.84881 8.74084
-0.841147 -0.119699 -0.527394 28.5971 0.111102 -0.992645 0.0480949 -1.42745 -0.529272 -0.0181399 0.848258 8.57916
-0.838199 -0.116261 -0.532828 28.0636 0.104957 -0.993138 0.0515889 -1.34448 -0.53517 -0.0126824 0.844649 8.43902
-0.841339 -0.127108 -0.52535 27.5858 0.115195 -0.991792 0.0554808 -1.27082 -0.52809 -0.0138397 0.849075 8.29609
-0.840293 -0.132177 -0.525773 27.1134 0.115294 -0.991208 0.0649213 -1.18917 -0.529731 -0.00606561 0.848144 8.15587
-0.842682 -0.114795 -0.526032 26.6053 0.106846 -0.99323 0.0455875 -1.11712 -0.527704 -0.0177884 0.849242 8.00372
-0.839818 -0.118088 -0.529869 26.077 0.111012 -0.992786 0.0453064 -1.0452 -0.531397 -0.0207725 0.846868 7.84805
-0.830289 -0.123718 -0.543428 25.6007 0.108217 -0.992281 0.0605625 -0.969609 -0.546726 -0.00852382 0.837268 7.70409
-0.839538 -0.11701 -0.530552 25.1238 0.101264 -0.993121 0.0587877 -0.893699 -0.533781 -0.00437128 0.845612 7.55209
-0.82819 -0.122548 -0.546886 24.6392 0.105121 -0.992449 0.0631981 -0.828259 -0.550501 -0.0051492 0.834819 7.41638
-0.840358 -0.0134114 -0.541866 24.6354 -0.00334875 -0.999546 0.0299326 -0.848617 -0.542022 0.0269687 0.839932 7.41367
-0.843807 0.0200718 -0.536271 24.1814 -0.0321265 -0.999397 0.0131441 -0.853456 -0.535684 0.0283196 0.843944 7.2746
-0.838109 0.024951 -0.544932 23.6647 -0.0373033 -0.999236 0.0116203 -0.857341 -0.544226 0.0300668 0.838399 7.11929
-0.848974 0.0333668 -0.52738 23.1485 -0.0462261 -0.998868 0.0112171 -0.867352 -0.526409 0.0339017 0.849555 6.96821
-0.833493 0.0292748 -0.551755 22.6658 -0.0397127 -0.999187 0.00697645 -0.875452 -0.551102 0.0277265 0.833977 6.83031
-0.836899 0.0345608 -0.546265 22.1669 -0.0434855 -0.999048 0.00341419 -0.88581 -0.545627 0.0266119 0.837605 6.66784
-0.843507 0.0461389 -0.535133 21.6167 -0.0528162 -0.9986 -0.00284677 -0.907015 -0.534515 0.0258624 0.844763 6.50395
-0.843747 0.0364778 -0.535501 21.1216 -0.0452093 -0.998972 0.00318366 -0.921888 -0.534834 0.0268958 0.844529 6.35563
-0.839051 0.037897 -0.542731 20.5773 -0.0511503 -0.998647 0.00934535 -0.927624 -0.541643 0.0356021 0.839855 6.184
-0.838151 0.0366692 -0.544205 20.0921 -0.0544511 -0.998379 0.0165902 -0.941486 -0.542714 0.0435377 0.838788 6.03047
-0.842081 0.0308719 -0.538466 19.5496 -0.0521854 -0.99834 0.0243725 -0.953283 -0.53682 0.0486237 0.842295 5.87569
-0.841506 0.0281479 -0.539514 19.0661 -0.0486926 -0.998529 0.0238522 -0.962392 -0.538049 0.0463421 0.841639 5.72379
-0.842778 0.0351074 -0.537115 18.5843 -0.0543528 -0.998321 0.0200308 -0.974096 -0.53551 0.0460753 0.843271 5.57871
-0.840481 0.0292362 -0.541051 18.0459 -0.0465233 -0.99875 0.018302 -0.992284 -0.53984 0.040554 0.84079 5.42298
-0.847222 0.0364725 -0.529985 17.561 -0.0524653 -0.998508 0.0151546 -1.00228 -0.528642 0.0406451 0.847871 5.28229
-0.841505 0.0461308 -0.538276 17.0704 -0.0600352 -0.998162 0.00831151 -1.01857 -0.536903 0.0393097 0.842728 5.13917
-0.8375 0.0355008 -0.545282 16.5354 -0.054893 -0.998305 0.0193152 -1.03661 -0.543672 0.0461087 0.83803 4.97801
-0.842425 0.0399512 -0.53733 16.0389 -0.0591573 -0.998077 0.0185384 -1.05374 -0.535556 0.0474042 0.843168 4.8232
-0.835584 0.0385517 -0.548009 15.4831 -0.0555207 -0.998353 0.0144231 -1.06231 -0.54655 0.0424776 0.836348 4.65386
-0.838193 0.0420467 -0.54375 14.9711 -0.0541716 -0.998512 0.00629364 -1.08635 -0.542676 0.0347311 0.839224 4.49522
-0.846839 0.00875588 -0.531777 14.8905 -0.0209034 -0.99964 0.0168287 -1.08112 -0.531439 0.0253672 0.846717 4.47537
-0.844871 0.0221967 -0.534509 14.3754 -0.0311715 -0.999484 0.00776546 -1.08975 -0.534061 0.0232223 0.845127 4.32954
-0.845073 0.0271885 -0.533959 13.856 -0.0332279 -0.999446 0.0016978 -1.09214 -0.533617 0.0191771 0.845509 4.17053
-0.852325 0.0273164 -0.522299 13.3719 -0.0342501 -0.999407 0.0036224 -1.09708 -0.52189 0.0209762 0.852755 4.03188
-0.840412 0.0249874 -0.541371 12.8702 -0.0316498 -0.999495 0.00300007 -1.10632 -0.541022 0.0196556 0.840778 3.88353
-0.838943 0.0163486 -0.543973 12.3378 -0.0253644 -0.999637 0.00907505 -1.10307 -0.543628 0.021411 0.839053 3.71773
-0.840413 0.0170319 -0.541679 11.8163 -0.0275865 -0.999555 0.0113717 -1.11025 -0.541244 0.0245 0.840509 3.56832
-0.846941 0.0168308 -0.53142 11.3255 -0.0250342 -0.999653 0.00823744 -1.11194 -0.531097 0.0202803 0.847068 3.41594
-0.846339 0.0157699 -0.532411 10.823 -0.0248534 -0.999642 0.00989858 -1.11197 -0.532064 0.0216098 0.846428 3.26486
-0.840759 0.0215781 -0.540979 10.2816 -0.0322944 -0.999425 0.0103258 -1.116 -0.540445 0.0261521 0.840973 3.09448
-0.838944 0.0159987 -0.543982 9.69951 -0.0264959 -0.999583 0.0114647 -1.11904 -0.543572 0.0240315 0.839019 2.93281
-0.845521 0.0204492 -0.53355 9.16022 -0.0312209 -0.99945 0.0111704 -1.12335 -0.533028 0.0261027 0.845695 2.76112
-0.842057 0.0229223 -0.538902 8.67013 -0.0330888 -0.99941 0.00919258 -1.1235 -0.538373 0.0255723 0.842318 2.61125
-0.846157 0.0193515 -0.532582 8.12459 -0.0307346 -0.999449 0.0125154 -1.13257 -0.532046 0.0269587 0.846286 2.45148
-0.847861 0.0156262 -0.529988 7.64103 -0.0266081 -0.99956 0.0130958 -1.12996 -0.529551 0.0252054 0.847904 2.30273
-0.845078 0.0185927 -0.53432 7.08067 -0.0299441 -0.999472 0.0125809 -1.13638 -0.533804 0.0266315 0.845188 2.13788
-0.841723 0.0195444 -0.539556 6.5832 -0.0287183 -0.999551 0.00859442 -1.14843 -0.539146 0.0227292 0.841906 1.9837
-0.838435 0.021593 -0.544574 6.00815 -0.0284374 -0.999587 0.00414792 -1.14538 -0.544259 0.018964 0.838703 1.8106
-0.845931 0.0257144 -0.532672 5.51158 -0.0338926 -0.99941 0.00557857 -1.15776 -0.532215 0.0227727 0.846303 1.66424
-0.844118 0.0261477 -0.53552 5.00782 -0.0328211 -0.999457 0.00293431 -1.1667 -0.535153 0.0200533 0.844517 1.51346
-0.843906 0.0284688 -0.535736 4.47925 -0.03301 -0.999454 -0.0011125 -1.16692 -0.535475 0.0167458 0.844385 1.35736
-0.838905 0.0331038 -0.54327 3.93747 -0.0366404 -0.999319 -0.00431349 -1.17998 -0.543043 0.016287 0.839547 1.1959
-0.839649 0.0303411 -0.542281 3.43613 -0.0344063 -0.999404 -0.00264414 -1.17667 -0.542038 0.0164377 0.840193 1.04332
-0.844706 0.0280526 -0.534495 2.92283 -0.0313878 -0.999503 -0.00285348 -1.18388 -0.534309 0.0143663 0.845167 0.893053
-0.843381 0.0269061 -0.536642 2.38604 -0.0307573 -0.999525 -0.00177611 -1.19593 -0.536435 0.0150077 0.843808 0.73036
-0.843826 0.0167899 -0.536355 1.98735 -0.0180544 -0.999833 -0.00289422 -1.19451 -0.536314 0.00724136 0.843988 0.612192
-0.844143 0.0169964 -0.535848 1.98468 -0.0177603 -0.999835 -0.003735 -1.19041 -0.535823 0.00636395 0.844306 0.610523
-0.844198 0.0172866 -0.535752 1.97814 -0.0180329 -0.99983 -0.00384571 -1.19371 -0.535728 0.00641463 0.844366 0.611041
